0000011100101100
0000110000000000
00000000000000000000000
000000000000000000000000000000000000000000111111
000
11111111111111000000000111111111001110
000110000000000000000000000000000000000001111
0000011110000000001111
00111000000000000000000000000000000111111
1111111111110011000000000001111
0000111110000000000000000111
0000000000000111000000000000111111111111
011111000000000000111111111111
100000001110000000000000000000111
00000000000000000000000000000000000000000001111111100000
111111110000001110001111000001111
00000000000000000000000000111
1111111110111000000000000000000000000011111111